%YAML:1.0
---
CameraColor: !!opencv-matrix
   rows: 3
   cols: 3
   dt: d
   data: [ 610.90966796875, 0.0, 325.97857666015625, 
           0.0, 610.1874389648438, 228.50498962402344, 
           0.0, 0.0, 1.0 ]
CameraDepth: !!opencv-matrix
   rows: 3
   cols: 3
   dt: d
   data: [ 384.6130676269531, 0.0, 319.5439758300781, 
           0.0, 384.6130676269531, 240.34002685546875, 
           0.0, 0.0, 1.0 ]
CameraInf1: !!opencv-matrix
   rows: 3
   cols: 3
   dt: d
   data: [ 384.6130676269531, 0.0, 319.5439758300781, 
           0.0, 384.6130676269531, 240.34002685546875, 
           0.0, 0.0, 1.0 ]
CameraInf2: !!opencv-matrix
   rows: 3
   cols: 3
   dt: d
   data: [ 384.6130676269531, 0.0, 319.5439758300781, 
           0.0, 384.6130676269531, 240.34002685546875, 
           0.0, 0.0, 1.0 ]      
T_color_depth: !!opencv-matrix
   rows: 4
   cols: 4
   dt: d
   data: [ 0.9999839067459106, -0.005434882361441851, 0.0016148093855008483, 0.014913409948348999,
           0.005436081439256668, 0.9999849796295166, -0.0007390331011265516, -7.743491005385295e-05,
          -0.0016107684932649136, 0.0007477994658984244, 0.9999984502792358, -0.00016766598855610937,
          0., 0., 0., 1.0 ]
T_color_infra1: !!opencv-matrix
   rows: 4
   cols: 4
   dt: d
   data: [ 0.9999740992390262, -0.005919615305500767, 0.004093776463678999, -0.01492069394851882,
           0.0058928819170320276, 0.9999614346600406, 0.006511768987522301, -0.004975900660240464,
          -0.004132165753162379, -0.006487476186455048, 0.9999704184919272, 0.004532347180825026,
          0., 0., 0., 1.0 ]
T_color_infra2: !!opencv-matrix
   rows: 4
   cols: 4
   dt: d
   data: [ 0.9999673349038122, -0.005110858369343545, 0.006261649311313197, -0.0655975083698927,
           0.005093651740198929, 0.9999832161747992, 0.0027608115938279713, -0.005150553718823763,
          -0.006275654333926177, -0.002728826750740614, 0.9999765845594825, 0.0029768400366577516,
          0., 0., 0., 1.0 ]
T_lidar_color: !!opencv-matrix
   rows: 4
   cols: 4
   dt: d
   data: [ -9.0327021393693474e-02, -1.6467151906902178e-01, -9.8220380777802119e-01, -7.4409864842891693e-02,
            9.9581898086369969e-01, -1.4432960252782068e-03, -9.1337146047847095e-02, -6.1964699998497963e-03,
            1.3623015735348853e-02, -9.8634740720705705e-01, 1.6411339292754329e-01, -1.0982195287942886e-01, 
            0., 0., 0., 1. ]
RealsenImageSize: [ 640, 480 ]


CameraHeat: !!opencv-matrix
   rows: 3
   cols: 3
   dt: d
   data: [ 548.669, 0.0, 321.547, 
           0.0, 541.331,  268.984, 
           0.0, 0.0, 1.0 ]
CameraHeat_Distortion: !!opencv-matrix
   rows: 1
   cols: 5
   dt: d
   data: [ -3.5646899999999998e-01, 1.6604800000000000e-01, -5.3229999999999996e-03, 2.4310000000000000e-03, 0. ]
T_lidar_heat: !!opencv-matrix
   rows: 4
   cols: 4
   dt: d
   data: [ 4.9279845238607489e-01, 2.5216073457574595e-02,-8.6977803775749107e-01, 1.1919961869716644e-01,
           8.6995514585016198e-01, -3.5074044062475440e-02,4.9188195295408710e-01, -2.6204543188214302e-02,
          -1.8103301762734170e-02, -9.9906654486700008e-01,-3.9221287495461610e-02, -8.4670886397361755e-02, 
           0., 0., 0., 1. ]
HeatImageSize: [ 640, 512 ]

CameraMulti1: !!opencv-matrix
   rows: 3
   cols: 3
   dt: d
   data: [ 1449.1838998863286, 0.0, 638.900981158152, 
           0.0, 1448.669850579792,  490.33988865979876, 
           0.0, 0.0, 1.0 ]
CameraMulti1_Distortion: !!opencv-matrix
   rows: 1
   cols: 5
   dt: d
   data: [ -0.10219595006782912, 0.16730690818971744, 0.0008812432795795097,3.774172306873454e-05, 0. ]
T_color_multi1: !!opencv-matrix
   rows: 4
   cols: 4
   dt: d
   data: [ 0.9991984929092004, 2.0241284406952367e-05, 0.040029631003474946, -0.04807460744776739,
           1.7554146371866493e-05, 0.9999995544339225, -0.0009438346304995768, -0.12382749409871716,
          -0.04002963227205444, 0.0009437808263525352, 0.9991980473449281, 0.012405046407294788, 
           0., 0., 0., 1. ]
Multi1ImageSize: [ 1280, 960 ]



