<?xml version="1.0" encoding="UTF-8"?>
<document version="1.5.0">
  <chunk label="Chunk 1" enabled="true">
    <sensors next_id="1">
      <sensor id="0" label="unknown" type="frame">
        <resolution width="2048" height="2048"/>
        <property name="layer_index" value="0"/>
        <bands>
          <band label="Red"/>
          <band label="Green"/>
          <band label="Blue"/>
        </bands>
        <data_type>uint8</data_type>
        <calibration type="frame" class="adjusted">
          <resolution width="2048" height="2048"/>
          <f>2187.8384296506665</f>
          <cx>25.999899835044602</cx>
          <cy>-18.733412067733461</cy>
          <k1>-0.11422856112539637</k1>
          <k2>0.13352501199105207</k2>
          <k3>-0.065959950592851632</k3>
          <p1>-1.9122965638507454e-07</p1>
          <p2>-0.00012678840330348801</p2>
        </calibration>
        <covariance>
          <params>f cx cy k1 k2 k3 p1 p2</params>
          <coeffs>2.8074124435633940e-01 -1.2833288644904057e-02 2.4036770229831941e-01 9.1048984561596828e-06 8.8892661976960595e-05 -8.2898996474425481e-05 -1.2274160987575709e-06 6.1313935615067909e-06 -1.2833288644904057e-02 7.7383416228268082e-02 -1.0090644629432464e-02 -7.4667991571372528e-07 4.2892045261706981e-07 -4.2061945015629965e-06 7.2737188582096073e-07 -5.9601080894469216e-07 2.4036770229831941e-01 -1.0090644629432464e-02 3.3663715056948579e-01 1.8639858611317720e-06 1.2272490138085513e-04 -1.1752745584496395e-04 -1.3503665896791576e-06 5.1987688288542904e-06 9.1048984561596828e-06 -7.4667991571372528e-07 1.8639858611317720e-06 2.2449877646387200e-08 -6.9987133898736351e-08 8.7980903230207294e-08 -2.2486586484057030e-10 1.2102659586571486e-09 8.8892661976960595e-05 4.2892045261706981e-07 1.2272490138085513e-04 -6.9987133898736351e-08 3.3483645921370479e-07 -4.4032837257482451e-07 -1.8837598305922359e-10 7.0638149932288449e-10 -8.2898996474425481e-05 -4.2061945015629965e-06 -1.1752745584496395e-04 8.7980903230207294e-08 -4.4032837257482451e-07 6.1634332854095714e-07 2.5011500599575856e-10 3.2872006783578701e-10 -1.2274160987575709e-06 7.2737188582096073e-07 -1.3503665896791576e-06 -2.2486586484057030e-10 -1.8837598305922359e-10 2.5011500599575856e-10 2.6449980656505149e-10 -1.0760342055371259e-10 6.1313935615067909e-06 -5.9601080894469216e-07 5.1987688288542904e-06 1.2102659586571486e-09 7.0638149932288449e-10 3.2872006783578701e-10 -1.0760342055371259e-10 1.8020897540502939e-09</coeffs>
        </covariance>
      </sensor>
    </sensors>
    <components next_id="1" active_id="0">
      <component id="0" label="Component 1">
        <region>
          <center>-1.4104554184705798e-01 1.3706923700752895e+00 -7.0180869230544429e+00</center>
          <size>1.9205919249852499e+01 7.9419679482777923e+00 2.2792699654897053e+00</size>
          <R>-2.5006013069697280e-02 -5.1813674666340515e-01 8.5493216752407941e-01 9.9940048037239138e-01 -3.3441315906528754e-02 8.9642747544480973e-03 2.3945336535359466e-02 8.5464377968104466e-01 5.1866234749662166e-01</R>
        </region>
        <partition>
          <partition>
            <camera_ids>190 195 200 205 210 215 220 225 230 235 240 245 250 255 260 265 270 275 280 285 290 295 300 305 310 315 320 325 330 335 340 345 350 355 360 365 370</camera_ids>
          </partition>
          <partition>
            <camera_ids>375 380 385 390 395 400 405 410 415 420 425 430 435 440 445 450 455 460 465 470 475 480 485 490 495 500 505 510 515 520 525 530 535 540 545 550 555 560 565 570 575</camera_ids>
          </partition>
          <partition>
            <camera_ids>0 5 10 15 20 25 30 35 40 45 50 55 60 65 70 75 80 85 90 95 100 105 110 115 120 125 130 135 140 145 150 155 160 165 170 175 180 185</camera_ids>
          </partition>
        </partition>
      </component>
    </components>
    <cameras next_id="578" next_group_id="0">
      <camera id="0" sensor_id="0" component_id="0" label="frame0000">
        <transform>9.9998921149128850e-01 4.2254741468132047e-03 1.9293183422394934e-03 -2.8230972285634006e-02 4.2612490538913687e-03 -9.9981170546379938e-01 -1.8931333129780736e-02 -7.3950045362336436e-01 1.8489612034324598e-03 1.8939350194888627e-02 -9.9981892478421497e-01 1.1140910646254973e+00 0 0 0 1</transform>
        <rotation_covariance>1.5652838149613147e-10 9.8711041254129608e-12 -1.0257272521648205e-11 9.8711041254129624e-12 1.0018862249256263e-10 -6.0832970867192211e-11 -1.0257272521648205e-11 -6.0832970867192211e-11 1.4437537447216987e-10</rotation_covariance>
        <location_covariance>1.9742313965471559e-08 1.7472351974196947e-08 -2.8111299296595047e-08 1.7472351974196947e-08 3.8370977979957722e-07 -5.5379454654822515e-07 -2.8111299296595047e-08 -5.5379454654822515e-07 9.1190035263697239e-07</location_covariance>
      </camera>
      <camera id="5" sensor_id="0" component_id="0" label="frame0005">
        <transform>9.9998176350310830e-01 5.0591890018927910e-03 3.2980703230871943e-03 -2.8823342829007944e-02 5.1014413068036588e-03 -9.9990337457491896e-01 -1.2931233904162232e-02 -7.1940778974863806e-01 3.2323300892914352e-03 1.2947822995934111e-02 -9.9991094899588928e-01 1.0995720253241288e+00 0 0 0 1</transform>
        <rotation_covariance>1.2986861023568418e-10 6.9709301292155113e-12 -5.6113936717695759e-12 6.9709301292155113e-12 9.8515998377922488e-11 -5.8215049046400889e-11 -5.6113936717695759e-12 -5.8215049046400876e-11 1.3924356639708821e-10</rotation_covariance>
        <location_covariance>1.8984923433591146e-08 1.7305444944769304e-08 -2.8141185866649754e-08 1.7305444944769304e-08 3.6295007823197413e-07 -5.3081579002231451e-07 -2.8141185866649754e-08 -5.3081579002231451e-07 8.8973472601888926e-07</location_covariance>
      </camera>
      <camera id="10" sensor_id="0" component_id="0" label="frame0010">
        <transform>9.9997979508793677e-01 5.3290410782280357e-03 3.4656510316829498e-03 -2.9322251555131903e-02 5.3605058510262961e-03 -9.9994391571859975e-01 -9.1340239969260884e-03 -6.9985678759455772e-01 3.4167810740461115e-03 9.1524170874070498e-03 -9.9995227829559463e-01 1.0787341024147938e+00 0 0 0 1</transform>
        <rotation_covariance>1.1262697053956284e-10 4.3913991609423502e-12 -2.0712373953498544e-12 4.3913991609423510e-12 9.3009270977526120e-11 -5.5705337229603447e-11 -2.0712373953498540e-12 -5.5705337229603447e-11 1.3379336971041464e-10</rotation_covariance>
        <location_covariance>1.8128128719079912e-08 1.7042797345345895e-08 -2.7920320136949684e-08 1.7042797345345895e-08 3.4306700612671952e-07 -5.0580486798074426e-07 -2.7920320136949684e-08 -5.0580486798074426e-07 8.5706156660878560e-07</location_covariance>
      </camera>
      <camera id="15" sensor_id="0" component_id="0" label="frame0015">
        <transform>9.9998599212604100e-01 3.8658809707217169e-03 3.6153168628106254e-03 -2.4572262402350036e-02 3.8874960898298335e-03 -9.9997449750393141e-01 -5.9909695302044069e-03 -6.7951005311407087e-01 3.5920642881035530e-03 6.0049401396258667e-03 -9.9997551858436518e-01 1.0564322523369141e+00 0 0 0 1</transform>
        <rotation_covariance>1.0726564781169045e-10 2.8470544140051619e-12 -2.1900120952131001e-13 2.8470544140051619e-12 9.3416795984283734e-11 -5.5767245821210609e-11 -2.1900120952131006e-13 -5.5767245821210602e-11 1.3376460943222235e-10</rotation_covariance>
        <location_covariance>1.7149309281355397e-08 1.4339642465828446e-08 -2.3439818258488884e-08 1.4339642465828446e-08 3.2311441396855539e-07 -4.8004329202208107e-07 -2.3439818258488884e-08 -4.8004329202208107e-07 8.2256469808489750e-07</location_covariance>
      </camera>
      <camera id="20" sensor_id="0" component_id="0" label="frame0020">
        <transform>9.9999115366127778e-01 2.9551376590558911e-03 2.9932859206859845e-03 -2.0399550082028334e-02 2.9725895209009798e-03 -9.9997851267917526e-01 -5.8427640277869865e-03 -6.5979193442632744e-01 2.9759554309795968e-03 5.8516101510782135e-03 -9.9997845094177529e-01 1.0259340597345812e+00 0 0 0 1</transform>
        <rotation_covariance>1.0658589452438179e-10 2.7252106688564935e-12 -1.8232712147603641e-13 2.7252106688564939e-12 9.3584246524628121e-11 -5.6228210241342839e-11 -1.8232712147603628e-13 -5.6228210241342846e-11 1.3294113737044261e-10</rotation_covariance>
        <location_covariance>1.6156827727763268e-08 1.1994085446921831e-08 -1.9441402753666353e-08 1.1994085446921831e-08 3.0408657045941327e-07 -4.5183600727984123e-07 -1.9441402753666353e-08 -4.5183600727984123e-07 7.7526186370695684e-07</location_covariance>
      </camera>
      <camera id="25" sensor_id="0" component_id="0" label="frame0025">
        <transform>9.9999507700400780e-01 1.7851173088722491e-03 2.5805665930241457e-03 -1.6114898324715323e-02 1.7969395635302715e-03 -9.9998786869154843e-01 -4.5862269830370672e-03 -6.3995188688853699e-01 2.5723483342049882e-03 4.5908415272671865e-03 -9.9998615350319697e-01 9.9792308796150198e-01 0 0 0 1</transform>
        <rotation_covariance>1.0512453202722214e-10 1.1998620776160236e-12 1.4925762132656961e-12 1.1998620776160234e-12 9.4031853548797760e-11 -5.6173623989839117e-11 1.4925762132656965e-12 -5.6173623989839123e-11 1.3227307456815144e-10</rotation_covariance>
        <location_covariance>1.5232407630957140e-08 9.7092443470503306e-09 -1.5590086895459605e-08 9.7092443470503306e-09 2.8559763103322169e-07 -4.2547939526770111e-07 -1.5590086895459605e-08 -4.2547939526770111e-07 7.3340827683808234e-07</location_covariance>
      </camera>
      <camera id="30" sensor_id="0" component_id="0" label="frame0030">
        <transform>9.9999856223173933e-01 -6.3856475004931378e-06 1.6957280669766114e-03 -1.1236050279530091e-02 1.1551360537568817e-06 -9.9999011252837156e-01 -4.4468915166145651e-03 -6.2186185754963985e-01 1.6957396967951575e-03 4.4468870818117345e-03 -9.9998867476695075e-01 9.6552449754555802e-01 0 0 0 1</transform>
        <rotation_covariance>1.0472240600031805e-10 2.2171457597716123e-12 4.6850636342041202e-13 2.2171457597716123e-12 9.3413517153232867e-11 -5.5447478671860351e-11 4.6850636342041202e-13 -5.5447478671860351e-11 1.3052252325312970e-10</rotation_covariance>
        <location_covariance>1.4244578220745322e-08 7.3492371784293544e-09 -1.1403876234135047e-08 7.3492371784293544e-09 2.6901497559246391e-07 -3.9939986418931761e-07 -1.1403876234135047e-08 -3.9939986418931761e-07 6.8609336271682264e-07</location_covariance>
      </camera>
      <camera id="35" sensor_id="0" component_id="0" label="frame0035">
        <transform>9.9999720827075600e-01 -2.0093112160108157e-03 1.2434303887289009e-03 -7.2379624986692575e-03 -2.0054749934482002e-03 -9.9999324954697977e-01 -3.0787871838551697e-03 -6.0357299751264304e-01 1.2496082366307080e-03 3.0762849201642628e-03 -9.9999448745997843e-01 9.3611748789230409e-01 0 0 0 1</transform>
        <rotation_covariance>1.0134239842594176e-10 1.0941087987207349e-12 2.2898318924565305e-12 1.0941087987207347e-12 9.3228550869868380e-11 -5.5055683360327647e-11 2.2898318924565305e-12 -5.5055683360327647e-11 1.3017962605270597e-10</rotation_covariance>
        <location_covariance>1.3388098447417515e-08 5.4448740433478000e-09 -8.1184908911571179e-09 5.4448740433478000e-09 2.5282514644598348e-07 -3.7522097290462031e-07 -8.1184908911571179e-09 -3.7522097290462031e-07 6.4488315644378889e-07</location_covariance>
      </camera>
      <camera id="40" sensor_id="0" component_id="0" label="frame0040">
        <transform>9.9998649922758887e-01 -5.1834401263883105e-03 3.6511779949484758e-04 1.2126560990282913e-03 -5.1818361137597468e-03 -9.9997747884029975e-01 -4.2650189551902808e-03 -5.8827455835519071e-01 3.8721704701071577e-04 4.2630693935406172e-03 -9.9999083810918221e-01 9.0070843408901236e-01 0 0 0 1</transform>
        <rotation_covariance>1.0438938574215760e-10 -6.9727307212393034e-13 2.4540813818354837e-12 -6.9727307212393055e-13 9.5715013341100660e-11 -5.4053965014190850e-11 2.4540813818354837e-12 -5.4053965014190850e-11 1.2997687769838236e-10</rotation_covariance>
        <location_covariance>1.2559649148671226e-08 1.8452449788953133e-09 -1.9927456431084692e-09 1.8452449788953133e-09 2.3942340152957438e-07 -3.5146744287078237e-07 -1.9927456431084692e-09 -3.5146744287078237e-07 5.9619357343033507e-07</location_covariance>
      </camera>
      <camera id="45" sensor_id="0" component_id="0" label="frame0045">
        <transform>9.9998701713540172e-01 -5.0923282537542330e-03 -1.8372152254620224e-04 1.9522714689511431e-03 -5.0940020463082977e-03 -9.9992982525254326e-01 -1.0695593184568641e-02 -5.7167270467254405e-01 -1.2924315857031508e-04 1.0696390202942413e-02 -9.9994278362955957e-01 8.5360318866874130e-01 0 0 0 1</transform>
        <rotation_covariance>1.1209309745518421e-10 -1.8830179272514990e-12 -2.0138104668315492e-12 -1.8830179272514990e-12 9.5026760503429628e-11 -5.4845028290843297e-11 -2.0138104668315492e-12 -5.4845028290843297e-11 1.2723897605995661e-10</rotation_covariance>
        <location_covariance>1.1736711183354618e-08 1.3798423699858441e-09 -1.4687409060018673e-09 1.3798423699858441e-09 2.2508931833620183e-07 -3.2316648668275722e-07 -1.4687409060018673e-09 -3.2316648668275722e-07 5.3303494883618389e-07</location_covariance>
      </camera>
      <camera id="50" sensor_id="0" component_id="0" label="frame0050">
        <transform>9.9999348574504765e-01 -2.9302196349944363e-03 2.1076717864873598e-03 -4.4081047231183572e-03 -2.8991954538437285e-03 -9.9988957467524153e-01 -1.4575085642456402e-02 -5.5411766251027650e-01 2.1501472482771040e-03 1.4568880144170987e-02 -9.9989155641907268e-01 8.1539304741550378e-01 0 0 0 1</transform>
        <rotation_covariance>1.1560609839288756e-10 -2.2749129851786208e-12 -3.7830126692571552e-12 -2.2749129851786204e-12 8.9618994527280670e-11 -5.2346404187360348e-11 -3.7830126692571552e-12 -5.2346404187360335e-11 1.1863428234360714e-10</rotation_covariance>
        <location_covariance>1.0984385771906033e-08 3.6616047034421005e-09 -5.3382578325780616e-09 3.6616047034421005e-09 2.1066270613456011e-07 -2.9860305958346644e-07 -5.3382578325780616e-09 -2.9860305958346644e-07 4.8463626770390136e-07</location_covariance>
      </camera>
      <camera id="55" sensor_id="0" component_id="0" label="frame0055">
        <transform>9.9999405916731776e-01 -1.3893061826775054e-03 3.1545932229372353e-03 -9.4479802721885997e-03 -1.3387518591454982e-03 -9.9987155002697059e-01 -1.5971574440966540e-02 -5.3636102575235955e-01 3.1763774226407581e-03 1.5967256338973054e-02 -9.9986746989362263e-01 7.8291199111199128e-01 0 0 0 1</transform>
        <rotation_covariance>1.1953947862540591e-10 -2.4292922470974678e-12 -2.8599538556579113e-12 -2.4292922470974682e-12 9.0036871933960741e-11 -5.3494096039987552e-11 -2.8599538556579113e-12 -5.3494096039987552e-11 1.1784415828476847e-10</rotation_covariance>
        <location_covariance>1.0395061915198816e-08 5.3022628126084704e-09 -8.0617457823131941e-09 5.3022628126084704e-09 1.9676413129892261e-07 -2.7689382112959417e-07 -8.0617457823131941e-09 -2.7689382112959417e-07 4.4582215440302477e-07</location_covariance>
      </camera>
      <camera id="60" sensor_id="0" component_id="0" label="frame0060">
        <transform>9.9999422865611032e-01 2.4587274105639183e-03 2.3446351509321247e-03 -1.8862126619060400e-02 2.5005216076726755e-03 -9.9983499802730069e-01 -1.7992334796720199e-02 -5.1626997925185625e-01 2.3000100347622216e-03 1.7998093767625727e-02 -9.9983537573671177e-01 7.5034503125061247e-01 0 0 0 1</transform>
        <rotation_covariance>1.2610009174073565e-10 3.5736533340320309e-12 -4.0302783619884089e-12 3.5736533340320297e-12 9.0329426444745642e-11 -5.4854826295091905e-11 -4.0302783619884097e-12 -5.4854826295091905e-11 1.1493602538712692e-10</rotation_covariance>
        <location_covariance>1.0044669416351351e-08 8.3406108808395523e-09 -1.2976504723319261e-08 8.3406108808395523e-09 1.8177021888963525e-07 -2.5462687126825918e-07 -1.2976504723319261e-08 -2.5462687126825918e-07 4.0839572694402143e-07</location_covariance>
      </camera>
      <camera id="65" sensor_id="0" component_id="0" label="frame0065">
        <transform>9.9999773993223662e-01 1.3837766465971792e-03 1.6140918841674678e-03 -1.5061271599743154e-02 1.4073418757901781e-03 -9.9989108982181707e-01 -1.4691081777150256e-02 -4.9346635903497821e-01 1.5935869172562904e-03 1.4693320153410169e-02 -9.9989077744701993e-01 7.3488936152033646e-01 0 0 0 1</transform>
        <rotation_covariance>1.0685977318238015e-10 2.6884344773980308e-12 -2.7840990803833210e-12 2.6884344773980304e-12 8.4372432769974918e-11 -5.1990761295013067e-11 -2.7840990803833210e-12 -5.1990761295013067e-11 1.1033622028697216e-10</rotation_covariance>
        <location_covariance>9.4422494302527226e-09 6.7097105819610435e-09 -1.0572384207058141e-08 6.7097105819610435e-09 1.6579546676768563e-07 -2.3732510359341725e-07 -1.0572384207058141e-08 -2.3732510359341725e-07 3.9202280546949596e-07</location_covariance>
      </camera>
      <camera id="70" sensor_id="0" component_id="0" label="frame0070">
        <transform>9.9999308605313986e-01 2.9248165271757143e-03 2.2963654327227455e-03 -1.9083397658976712e-02 2.9572015992085656e-03 -9.9989439893962784e-01 -1.4228349442650751e-02 -4.6961512632078528e-01 2.2545076224937512e-03 1.4235041884128774e-02 -9.9989613499499896e-01 7.1051262340067911e-01 0 0 0 1</transform>
        <rotation_covariance>1.0246083256739710e-10 2.7675291053040581e-12 -9.8121498910440310e-13 2.7675291053040577e-12 8.3203670699201096e-11 -5.1911340396116235e-11 -9.8121498910440310e-13 -5.1911340396116241e-11 1.0752065779668411e-10</rotation_covariance>
        <location_covariance>9.0496073823015234e-09 7.6193773600612499e-09 -1.2317862601676386e-08 7.6193773600612499e-09 1.4983536010325300e-07 -2.1730603081761060e-07 -1.2317862601676386e-08 -2.1730603081761060e-07 3.6593963325458279e-07</location_covariance>
      </camera>
      <camera id="75" sensor_id="0" component_id="0" label="frame0075">
        <transform>9.9996795375936265e-01 6.8634854992977706e-03 4.1211674455947141e-03 -2.8825218257714242e-02 6.9353302789605022e-03 -9.9981965124642613e-01 -1.7679541153458878e-02 -4.4563322781599191e-01 3.9990809238416277e-03 1.7707556247998524e-02 -9.9983521132409015e-01 6.7531721120756649e-01 0 0 0 1</transform>
        <rotation_covariance>1.1802085684177559e-10 5.1716695535403290e-12 6.8854745338967020e-13 5.1716695535403290e-12 8.9335819181368883e-11 -5.3691567208430577e-11 6.8854745338967041e-13 -5.3691567208430571e-11 1.0857001544353215e-10</rotation_covariance>
        <location_covariance>9.0316983224062573e-09 1.0034389808008327e-08 -1.6589736402395453e-08 1.0034389808008327e-08 1.3456914143051233e-07 -1.9494357090198718e-07 -1.6589736402395453e-08 -1.9494357090198718e-07 3.2914796126458172e-07</location_covariance>
      </camera>
      <camera id="80" sensor_id="0" component_id="0" label="frame0080">
        <transform>9.9993129371077338e-01 1.0597955886475566e-02 5.0091105924483280e-03 -3.8552154198960339e-02 1.0697140360003129e-02 -9.9973858651755054e-01 -2.0207172390206279e-02 -4.2297889512675529e-01 4.7936464218225703e-03 2.0259367189461794e-02 -9.9978326601072143e-01 6.3845659625168893e-01 0 0 0 1</transform>
        <rotation_covariance>1.2832877074406068e-10 8.5808573088279234e-12 3.1620459244525320e-12 8.5808573088279218e-12 9.2445211463236028e-11 -5.4066253043676638e-11 3.1620459244525328e-12 -5.4066253043676638e-11 1.0841060009416253e-10</rotation_covariance>
        <location_covariance>9.0619588458739582e-09 1.2156603280632223e-08 -2.0227136655365789e-08 1.2156603280632223e-08 1.2077760125716204e-07 -1.7402295980993550e-07 -2.0227136655365789e-08 -1.7402295980993550e-07 2.9298257255839396e-07</location_covariance>
      </camera>
      <camera id="85" sensor_id="0" component_id="0" label="frame0085">
        <transform>9.9988586163193682e-01 1.4408450011097048e-02 4.5453577236872298e-03 -4.8335821087466542e-02 1.4504038100678796e-02 -9.9965824984763241e-01 -2.1748939982017337e-02 -4.0066809596394187e-01 4.2304358324673497e-03 2.1812383635106208e-02 -9.9975313119430753e-01 6.0216015095805020e-01 0 0 0 1</transform>
        <rotation_covariance>1.3407045227597218e-10 1.5498212032796590e-11 3.1421320518257282e-12 1.5498212032796587e-11 9.8793668835287383e-11 -5.4191685034379325e-11 3.1421320518257278e-12 -5.4191685034379325e-11 1.0797317397658789e-10</rotation_covariance>
        <location_covariance>9.2235836037079529e-09 1.4009287278929847e-08 -2.3354210209209838e-08 1.4009287278929847e-08 1.0784802354568877e-07 -1.5460783250970539e-07 -2.3354210209209838e-08 -1.5460783250970539e-07 2.5963935390510706e-07</location_covariance>
      </camera>
      <camera id="90" sensor_id="0" component_id="0" label="frame0090">
        <transform>9.9984791870984857e-01 1.6746951928110290e-02 4.8661126890820073e-03 -5.3177318640888753e-02 1.6859360282417760e-02 -9.9956837526377940e-01 -2.4058785160425172e-02 -3.7993184741772484e-01 4.4611010359457927e-03 2.4137165816338735e-02 -9.9969870251186255e-01 5.6388338208901978e-01 0 0 0 1</transform>
        <rotation_covariance>1.4515028298334190e-10 1.9935071436417337e-11 5.0980726758607786e-12 1.9935071436417330e-11 1.0325137035991400e-10 -5.3218838949044647e-11 5.0980726758607778e-12 -5.3218838949044640e-11 1.0709259385180778e-10</rotation_covariance>
        <location_covariance>9.1227521355925317e-09 1.4401497498445608e-08 -2.3760688717095469e-08 1.4401497498445608e-08 9.6449243084674192e-08 -1.3653084182852753e-07 -2.3760688717095469e-08 -1.3653084182852753e-07 2.2659675947457416e-07</location_covariance>
      </camera>
      <camera id="95" sensor_id="0" component_id="0" label="frame0095">
        <transform>9.9982568788300874e-01 1.8309466298017104e-02 3.6547630771422328e-03 -5.5634957244770814e-02 1.8394213597971550e-02 -9.9952603101933302e-01 -2.4685344252238697e-02 -3.5821092966544843e-01 3.2010553541706658e-03 2.4748267790314357e-02 -9.9968858975482866e-01 5.2843308151073154e-01 0 0 0 1</transform>
        <rotation_covariance>1.4458980154791472e-10 2.6258279723866995e-11 3.2191251130275205e-12 2.6258279723866985e-11 1.0700725798240228e-10 -5.1920653918405763e-11 3.2191251130275205e-12 -5.1920653918405770e-11 1.0331989947287009e-10</rotation_covariance>
        <location_covariance>8.7745573310049713e-09 1.4088514094252503e-08 -2.3129270784793838e-08 1.4088514094252503e-08 8.5213611017766903e-08 -1.1984524638409608e-07 -2.3129270784793838e-08 -1.1984524638409608e-07 1.9822618335393353e-07</location_covariance>
      </camera>
      <camera id="100" sensor_id="0" component_id="0" label="frame0100">
        <transform>9.9978864903808073e-01 2.0160923022817082e-02 4.0242312901330544e-03 -6.0436061875888666e-02 2.0267513455619893e-02 -9.9938872601317930e-01 -2.8485122714856145e-02 -3.3847002733655079e-01 3.4474850158787329e-03 2.8560663518591285e-02 -9.9958611602324843e-01 4.8387241994253283e-01 0 0 0 1</transform>
        <rotation_covariance>1.6385321721469361e-10 3.3071364722564089e-11 5.0927620518418277e-12 3.3071364722564096e-11 1.1190640791515968e-10 -5.1086759249487371e-11 5.0927620518418277e-12 -5.1086759249487371e-11 1.0320846685509761e-10</rotation_covariance>
        <location_covariance>8.7450405976129334e-09 1.4285669790953204e-08 -2.2694955578118090e-08 1.4285669790953204e-08 7.5483700584667536e-08 -1.0302976811969871e-07 -2.2694955578118090e-08 -1.0302976811969871e-07 1.6498315538047110e-07</location_covariance>
      </camera>
      <camera id="105" sensor_id="0" component_id="0" label="frame0105">
        <transform>9.9979798525001740e-01 1.9973380680245085e-02 2.2478332251213524e-03 -5.9865800322108038e-02 2.0032939784777031e-02 -9.9932921463506397e-01 -3.0656191877752939e-02 -3.2129480130172189e-01 1.6340176209101271e-03 3.0695029582460287e-02 -9.9952746092608502e-01 4.4325865791591273e-01 0 0 0 1</transform>
        <rotation_covariance>1.7226204587495003e-10 3.9935197966429282e-11 2.9042128746500176e-12 3.9935197966429289e-11 1.1340460928307427e-10 -5.1619789014493832e-11 2.9042128746500184e-12 -5.1619789014493839e-11 1.0061521725647149e-10</rotation_covariance>
        <location_covariance>8.1184956281918831e-09 1.3385317718883828e-08 -2.0460763597757428e-08 1.3385317718883828e-08 6.7454654716084625e-08 -8.9041476306234772e-08 -2.0460763597757428e-08 -8.9041476306234772e-08 1.3756662614125338e-07</location_covariance>
      </camera>
      <camera id="110" sensor_id="0" component_id="0" label="frame0110">
        <transform>9.9986148937582398e-01 1.6356046800630172e-02 -3.0792525416259817e-03 -4.9625893713055348e-02 1.6265299981572452e-02 -9.9948969891000261e-01 -2.7491485760194799e-02 -3.0420984091514847e-01 -3.5273332234102128e-03 2.7437592931033920e-02 -9.9961729497567320e-01 4.1728823370780627e-01 0 0 0 1</transform>
        <rotation_covariance>1.5170687478516377e-10 4.1146959729896945e-11 -6.7221155591106201e-12 4.1146959729896945e-11 1.1906202141069711e-10 -5.9771240213570340e-11 -6.7221155591106201e-12 -5.9771240213570340e-11 1.0223289426673481e-10</rotation_covariance>
        <location_covariance>6.6831217009394250e-09 1.0639893851297977e-08 -1.6198116755770594e-08 1.0639893851297977e-08 5.9951534193021441e-08 -7.8709968115943443e-08 -1.6198116755770594e-08 -7.8709968115943443e-08 1.2181087487847102e-07</location_covariance>
      </camera>
      <camera id="115" sensor_id="0" component_id="0" label="frame0115">
        <transform>9.9992630247718273e-01 9.4558734425647419e-03 -7.6142019771654372e-03 -2.9064993733961410e-02 9.2882599243421897e-03 -9.9972017053736306e-01 -2.1755662442743684e-02 -2.8804192581655369e-01 -7.8177900898355052e-03 2.1683336417233565e-02 -9.9973432224763015e-01 3.9982628383324720e-01 0 0 0 1</transform>
        <rotation_covariance>1.2534834531482497e-10 2.9619556379495543e-11 -1.0455548464645575e-11 2.9619556379495543e-11 1.1543882316219417e-10 -6.6935795279129861e-11 -1.0455548464645575e-11 -6.6935795279129848e-11 1.0772501635086386e-10</rotation_covariance>
        <location_covariance>4.9821308198698055e-09 6.2170417074745690e-09 -9.5409915037536743e-09 6.2170417074745690e-09 5.3444538901117845e-08 -7.0825987418068405e-08 -9.5409915037536743e-09 -7.0825987418068405e-08 1.1213904455565750e-07</location_covariance>
      </camera>
      <camera id="120" sensor_id="0" component_id="0" label="frame0120">
        <transform>9.9995849677373161e-01 -1.0528509115375461e-03 -9.0496538595134998e-03 -8.9112438854769519e-04 -1.1877642441301306e-03 -9.9988804931824316e-01 -1.4915697994331123e-02 -2.7454845355865432e-01 -9.0329367383647202e-03 1.4925827800018887e-02 -9.9984780127695638e-01 3.8456202369066167e-01 0 0 0 1</transform>
        <rotation_covariance>9.4931140952384287e-11 1.0776025934079223e-11 -6.8929978322206997e-12 1.0776025934079226e-11 9.3006236745456456e-11 -6.1657108120784843e-11 -6.8929978322206980e-12 -6.1657108120784843e-11 1.0763861944941387e-10</rotation_covariance>
        <location_covariance>3.9011661682819973e-09 9.1353485954141798e-10 -1.1918505042300818e-09 9.1353485954141798e-10 4.8098099207544797e-08 -6.4494818954767039e-08 -1.1918505042300818e-09 -6.4494818954767039e-08 1.0419981847550206e-07</location_covariance>
      </camera>
      <camera id="125" sensor_id="0" component_id="0" label="frame0125">
        <transform>9.9990794453242793e-01 -9.9812243866524639e-03 -9.1911708001479134e-03 2.5735755688613703e-02 -1.0104397756288299e-02 -9.9985843819912645e-01 -1.3453799016873880e-02 -2.5838210320687116e-01 -9.0555842946169630e-03 1.3545431766725291e-02 -9.9986725002438992e-01 3.6124124127724766e-01 0 0 0 1</transform>
        <rotation_covariance>9.8619464567539015e-11 1.7068107507368054e-12 -4.6915892053605490e-12 1.7068107507368058e-12 9.2517120916056412e-11 -5.6906879310599898e-11 -4.6915892053605473e-12 -5.6906879310599892e-11 1.1298937167529052e-10</rotation_covariance>
        <location_covariance>4.3383541443848624e-09 -3.5894828219797080e-09 5.9522921444962767e-09 -3.5894828219797080e-09 4.2386104080141645e-08 -5.6425947881758987e-08 5.9522921444962767e-09 -5.6425947881758987e-08 9.1820528085634562e-08</location_covariance>
      </camera>
      <camera id="130" sensor_id="0" component_id="0" label="frame0130">
        <transform>9.9981592579559275e-01 -1.7212165137512551e-02 -8.4767857576252756e-03 4.3877298824937391e-02 -1.7313973591730820e-02 -9.9977704036683845e-01 -1.2087012608176656e-02 -2.4129806180492289e-01 -8.2668521195512316e-03 1.2231554545697187e-02 -9.9989101817619563e-01 3.3412698715679418e-01 0 0 0 1</transform>
        <rotation_covariance>9.7238252905561253e-11 -4.1333776024178765e-12 -2.6554985975458159e-12 -4.1333776024178757e-12 9.6038013781414152e-11 -5.0623485434304703e-11 -2.6554985975458154e-12 -5.0623485434304709e-11 1.1506335032850534e-10</rotation_covariance>
        <location_covariance>5.1430001141582187e-09 -6.1510709413447653e-09 9.9600531508802715e-09 -6.1510709413447653e-09 3.6629944344941700e-08 -4.8131313555867066e-08 9.9600531508802715e-09 -4.8131313555867066e-08 7.8347632123085716e-08</location_covariance>
      </camera>
      <camera id="135" sensor_id="0" component_id="0" label="frame0135">
        <transform>9.9975277195037449e-01 -2.0033713883870652e-02 -9.6459984222061895e-03 5.2072603267512306e-02 -2.0145725684942658e-02 -9.9972907672204070e-01 -1.1658597390898751e-02 -2.2201689118556778e-01 -9.4098200922779467e-03 1.1850040696775477e-02 -9.9988550935660436e-01 3.0452414939518524e-01 0 0 0 1</transform>
        <rotation_covariance>9.7140549645908389e-11 -4.9876523966662035e-12 -2.5492423306532931e-12 -4.9876523966662051e-12 9.8280682452618408e-11 -4.8278099081355981e-11 -2.5492423306532931e-12 -4.8278099081355987e-11 1.1616588008481023e-10</rotation_covariance>
        <location_covariance>5.5699043960567842e-09 -6.7718411544969939e-09 1.0875309884131512e-08 -6.7718411544969939e-09 3.0670983265533998e-08 -3.9653388598622194e-08 1.0875309884131512e-08 -3.9653388598622194e-08 6.4785119008616921e-08</location_covariance>
      </camera>
      <camera id="140" sensor_id="0" component_id="0" label="frame0140">
        <transform>9.9978327965515312e-01 -1.8348376604655790e-02 -9.8351816434832720e-03 4.8256976510902945e-02 -1.8460058825937892e-02 -9.9976474796499015e-01 -1.1387491147865636e-02 -2.0424878924943077e-01 -9.6239259208237300e-03 1.1566581278559557e-02 -9.9988679071552744e-01 2.7518846444015627e-01 0 0 0 1</transform>
        <rotation_covariance>9.1887857271987457e-11 -3.9472338273358709e-12 -2.6919600517112935e-12 -3.9472338273358717e-12 9.2686561044577155e-11 -4.8323222069089233e-11 -2.6919600517112935e-12 -4.8323222069089233e-11 1.1134610223390696e-10</rotation_covariance>
        <location_covariance>4.9443559907417732e-09 -5.7093296070372606e-09 9.0198361036592251e-09 -5.7093296070372606e-09 2.5561222579409633e-08 -3.2299789499216735e-08 9.0198361036592251e-09 -3.2299789499216735e-08 5.2575337099704146e-08</location_covariance>
      </camera>
      <camera id="145" sensor_id="0" component_id="0" label="frame0145">
        <transform>9.9983618349570480e-01 -1.5088547627057284e-02 -9.9970947404586820e-03 3.9959252115813013e-02 -1.5198146096543651e-02 -9.9982422030155083e-01 -1.0979292036593646e-02 -1.8645893411603687e-01 -9.8296758833543180e-03 1.1129430753759190e-02 -9.9988975054409146e-01 2.4629600800930693e-01 0 0 0 1</transform>
        <rotation_covariance>8.9360702133101665e-11 -1.6260327560416004e-12 -1.5113811704889772e-12 -1.6260327560416008e-12 9.0185965822342838e-11 -5.2112714725233056e-11 -1.5113811704889768e-12 -5.2112714725233049e-11 1.1105120321469763e-10</rotation_covariance>
        <location_covariance>4.0875211514077377e-09 -4.2052451702200858e-09 6.5804257132747856e-09 -4.2052451702200858e-09 2.1045832445830579e-08 -2.5777276754817372e-08 6.5804257132747856e-09 -2.5777276754817372e-08 4.1830142700614564e-08</location_covariance>
      </camera>
      <camera id="150" sensor_id="0" component_id="0" label="frame0150">
        <transform>9.9987238032351566e-01 -1.3066637467844313e-02 -9.1916294240837054e-03 3.4878787061361979e-02 -1.3174232254278596e-02 -9.9984424408663175e-01 -1.1744239921889055e-02 -1.6844413973306302e-01 -9.0367400480527021e-03 1.1863833786617706e-02 -9.9988878720445074e-01 2.1513576030744014e-01 0 0 0 1</transform>
        <rotation_covariance>8.8538844496723461e-11 -1.1374740809634471e-12 -1.5569132119759394e-12 -1.1374740809634473e-12 8.9089635917571267e-11 -5.3477762210490220e-11 -1.5569132119759394e-12 -5.3477762210490214e-11 1.0889495589767017e-10</rotation_covariance>
        <location_covariance>3.5417682345094814e-09 -3.2439475882075856e-09 4.9081938060889317e-09 -3.2439475882075856e-09 1.6941270728896520e-08 -1.9697578471372429e-08 4.9081938060889317e-09 -1.9697578471372429e-08 3.1582807743514034e-08</location_covariance>
      </camera>
      <camera id="155" sensor_id="0" component_id="0" label="frame0155">
        <transform>9.9990118994216126e-01 -1.1502720994884211e-02 -8.0807030612720793e-03 3.1478229521477295e-02 -1.1600903569410844e-02 -9.9985815359442110e-01 -1.2210312327194439e-02 -1.5042596522374529e-01 -7.9391050266281755e-03 1.2302849282514072e-02 -9.9989279950948140e-01 1.8563759421773460e-01 0 0 0 1</transform>
        <rotation_covariance>9.1776759145560667e-11 -4.2874089317531355e-13 -1.0337360114699276e-12 -4.2874089317531340e-13 9.2346933943677967e-11 -5.5603172350638840e-11 -1.0337360114699274e-12 -5.5603172350638834e-11 1.0883766781415767e-10</rotation_covariance>
        <location_covariance>3.2320845447979286e-09 -2.5374009347345012e-09 3.7416124760899865e-09 -2.5374009347345012e-09 1.3382846218519861e-08 -1.4516080739001607e-08 3.7416124760899865e-09 -1.4516080739001607e-08 2.3277727224404522e-08</location_covariance>
      </camera>
      <camera id="160" sensor_id="0" component_id="0" label="frame0160">
        <transform>9.9993586616723040e-01 -1.0260976407399246e-02 -4.7933198889330945e-03 2.8334304103014900e-02 -1.0324008510674137e-02 -9.9985804287578173e-01 -1.3315740493219111e-02 -1.3179699915740875e-01 -4.6560069439782314e-03 1.3364372779072953e-02 -9.9989985255502445e-01 1.5670705029794138e-01 0 0 0 1</transform>
        <rotation_covariance>9.1641804330327418e-11 -1.8471965604741887e-12 -5.0067289263169067e-13 -1.8471965604741891e-12 9.0396790459597305e-11 -5.3475521259076023e-11 -5.0067289263169067e-13 -5.3475521259076023e-11 1.0256465456474608e-10</rotation_covariance>
        <location_covariance>2.8633384229110841e-09 -1.9189667338007706e-09 2.7558157498991654e-09 -1.9189667338007706e-09 1.0149482770771299e-08 -1.0066578218623837e-08 2.7558157498991654e-09 -1.0066578218623837e-08 1.6347028669710259e-08</location_covariance>
      </camera>
      <camera id="165" sensor_id="0" component_id="0" label="frame0165">
        <transform>9.9997571999746460e-01 -6.7862535921692484e-03 -1.5830911962590205e-03 1.7822769841477189e-02 -6.8042646985665605e-03 -9.9990882643870604e-01 -1.1663652596042923e-02 -1.1200381853356310e-01 -1.5037943558690943e-03 1.1674141174069627e-02 -9.9993072411561745e-01 1.3594915308300806e-01 0 0 0 1</transform>
        <rotation_covariance>8.6576167909476919e-11 -1.3554312112093429e-12 1.7018322727737681e-12 -1.3554312112093431e-12 8.8621636358358837e-11 -5.3309727038643912e-11 1.7018322727737677e-12 -5.3309727038643906e-11 9.7486602541560427e-11</rotation_covariance>
        <location_covariance>2.3327670157185412e-09 -8.8982069468092307e-10 1.4230840669096722e-09 -8.8982069468092307e-10 7.3276493120904914e-09 -6.7765967834257041e-09 1.4230840669096722e-09 -6.7765967834257041e-09 1.2226394027314566e-08</location_covariance>
      </camera>
      <camera id="170" sensor_id="0" component_id="0" label="frame0170">
        <transform>9.9999035313277540e-01 -4.3916968196485275e-03 -8.1488837760660760e-05 1.2242366727346625e-02 -4.3923162329889166e-03 -9.9993345074816087e-01 -1.0667784820912407e-02 -9.1926773964986927e-02 -3.4633738068778903e-05 1.0668039834953791e-02 -9.9994309424415961e-01 1.1185868720755275e-01 0 0 0 1</transform>
        <rotation_covariance>8.4890640738105266e-11 -7.4366943002572158e-13 3.3283467657145715e-12 -7.4366943002572147e-13 9.0404918606111529e-11 -5.6194921652286706e-11 3.3283467657145715e-12 -5.6194921652286706e-11 1.0032953145753628e-10</rotation_covariance>
        <location_covariance>2.1513891407419908e-09 -3.9589127289024370e-10 7.5678715404659232e-10 -3.9589127289024370e-10 5.0287634748525602e-09 -3.8569924833499754e-09 7.5678715404659232e-10 -3.8569924833499754e-09 8.2983775050573331e-09</location_covariance>
      </camera>
      <camera id="175" sensor_id="0" component_id="0" label="frame0175">
        <transform>9.9999532618363318e-01 -2.5586812309540737e-03 1.6735475038511911e-03 7.1440396695889013e-03 -2.5406751105502556e-03 -9.9993980023751383e-01 -1.0674308921163195e-02 -7.1597777513616595e-02 1.7007589105789353e-03 1.0670007090914202e-02 -9.9994162748022830e-01 8.3224203473914959e-02 0 0 0 1</transform>
        <rotation_covariance>8.6918748124433590e-11 -1.6598330487435542e-12 5.6088097060430981e-12 -1.6598330487435536e-12 9.1735871293925408e-11 -5.6501557992105944e-11 5.6088097060430972e-12 -5.6501557992105944e-11 9.9712777040510541e-11</rotation_covariance>
        <location_covariance>2.0090515507310480e-09 -1.0074131510875799e-10 2.9787491451240779e-10 -1.0074131510875799e-10 3.2927514272461472e-09 -1.4911888817315062e-09 2.9787491451240779e-10 -1.4911888817315062e-09 4.6968714368493513e-09</location_covariance>
      </camera>
      <camera id="180" sensor_id="0" component_id="0" label="frame0180">
        <transform>9.9999460220712488e-01 -1.7534732870774768e-03 2.7786486006679410e-03 5.4997849399815672e-03 -1.7260186722399676e-03 -9.9994997479552328e-01 -9.8523482467308687e-03 -5.1785417492800599e-02 2.7957854276691521e-03 9.8474990664272899e-03 -9.9994760380030878e-01 5.4843278179071697e-02 0 0 0 1</transform>
        <rotation_covariance>8.4873637015920654e-11 -1.7304758768400673e-12 6.0662160428000056e-12 -1.7304758768400671e-12 9.1150218254084086e-11 -5.6701138998218370e-11 6.0662160428000056e-12 -5.6701138998218370e-11 9.9562984731031626e-11</rotation_covariance>
        <location_covariance>1.9153459179131942e-09 -1.0890124767009741e-11 1.5117178573868748e-10 -1.0890124767009741e-11 2.1490890037494519e-09 2.9743523285146253e-11 1.5117178573868748e-10 2.9743523285146253e-11 2.3784240238004849e-09</location_covariance>
      </camera>
      <camera id="185" sensor_id="0" component_id="0" label="frame0185">
        <transform>9.9999615264223318e-01 -1.0876057344702676e-04 2.7717993918865680e-03 5.4602667040385810e-04 -8.3850252608872518e-05 -9.9995962525775151e-01 -8.9855897699014781e-03 -3.2455966538270806e-02 2.7726647590966894e-03 8.9853227830436980e-03 -9.9995578717492206e-01 2.7029710154179362e-02 0 0 0 1</transform>
        <rotation_covariance>7.5682080693030273e-11 -5.0398788748945400e-13 3.9801830146091189e-12 -5.0398788748945400e-13 8.2235137874651987e-11 -5.1963358248703096e-11 3.9801830146091181e-12 -5.1963358248703096e-11 9.1910431911348688e-11</rotation_covariance>
        <location_covariance>1.7107958790594913e-09 1.1879249884498363e-10 -4.6552364640848562e-11 1.1879249884498363e-10 1.2047921149884800e-09 1.0162283006579165e-09 -4.6552364640848568e-11 1.0162283006579165e-09 8.6985213304631628e-10</location_covariance>
      </camera>
      <camera id="190" sensor_id="0" component_id="0" label="frame0190">
        <transform>9.9999798653368899e-01 5.0126307401273805e-04 1.9431067646295183e-03 -1.4746025448474052e-03 5.1337935774969944e-04 -9.9998039894245561e-01 -6.2400458749830023e-03 -1.2523649154396112e-02 1.9399407731047361e-03 6.2410308617638077e-03 -9.9997864285372595e-01 3.6351016706039100e-03 0 0 0 1</transform>
      </camera>
      <camera id="195" sensor_id="0" component_id="0" label="frame0195">
